1111111111111111111111111111111111111111111111111111111111111111111111111111111111111111111111111111111111111111111111111111111111111111111111111111111111111111111111111111111111111111111111111111111111111111111111111111111111111111111111111111111111111111
1111111111111111111111111111111111111111111111111111111111111111111111111111111111111111111111111111111111111111111111111111111111111111111111111111111111111111111111111111111111111111111111111111111111111111111111111111111111111111111111111111111111111111
1111111111111111111111111111111111111111111111111111111111111111111111111111111111111111111111111111111111111111111111111111111111111111111111111111111111111111111111111111111111111111111111111111111111111111111111111111111111110000000001111111111111111111
1111111111111111111111111111111111111111111111111111111111111111111111111111111111111111111111111111111111111111111111111111111111111111111111111111111111111111111111111111111111111111111111111111111111111111111111111111111110000000000000111111111111111111
1111111111111111111111111111111111111111111111111111111111111111111111111111111111111111111111111111111111111111111111111111111111111111111111111111111111111111111111111111111111111111111111111111111111111111111111111111110000000000000000111111111111111111
1111111111111111111111111111111111111111111111111111111111111111111111111111111111111111111111111111111111111111111111111111111111111111111111111111111111111111111111111111111111111111111111111111111111111111111111111110000000000000000000111111111111111111
1111111111111111111111111111111111111111111111111111111111111111111111111111111111111111111111111111111111111111111111111111111111111111111111111111111111111111111111111111111111111111111111111111111111111111111111111000000000000000000000111111111111111111
1111111111111111111111111111111111111111111111111111111111111111111111111111111111111111111111111111111111111111111111111111111111111111111111111111111111111111111111111111111111111111111111111111111111111111111111000000000000000000000000111111111111111111
1111111111111111111111111111111111111111111111111111111111111111111111111111111111111111111111111111111111111111111111111111111111111111111111111111111111111111111111111111111111111111111111111111111111111111111100000000000000000000000000111111111111111111
1111111111111111111111111111111111111111111111111111111111111111111111111111111111111111111111111111111111111111111111111111111111111111111111111111111111111111111111111111111111111111111111111111111111111111110000000000000000000000000000111111111111111111
1111111111111111111111111111111111111111111111111111111111111111111111111111111111111111111111111111111111111111111111111111111111111111111111111111111111111111111111111111111111111111111111111111111111111111000000000000000000000000000000111111111111111111
1111111111111111111111111111111111111111111111111111111111111111111111111111111111111111111111111111111111111111111111111111111111111111111111111111111111111111111111111111111111111111111111111111111111111100000000000000000000000000000000111111111111111111
1111111111111111111111111111111111111111111111111111111111111111111111111111111111111111111111111111111111111111111111111111111111111111111111111111111111111111111111111111111111111111111111111111111111110000000000000000000000000000000000111111111111111111
1111111111111111111111111111111111111111111111111111111111111111111111111111111111111111111111111111111111111111111111111111111111111111111111111111111111111111111111111111111111111111111111111111111111000000000000000000000000000000000000111111111111111111
1111111111111111111111111111111111111111111111111111111111111111111111111111111111111111111111111111111111111111111111111111111111111111111111111111111111111111111111111111111111111111111111111111111100000000000000000000000000000000000000111111111111111111
1111111111111111111111111111111111111111111111111111111111111111111111111111111111111111111111111111111111111111111111111111111111111111111111111111111111111111111111111111111111111111111111111111110000000000000000000000000000000000000000111111111111111111
1111111111111111111111111111111111111111111111111111111111111111111111111111111111111111111111111111111111111111111111111111111111111111111111111111111111111111111111111111111111111111111111111111000000000000000000000000000000000000000000111111111111111111
1111111111111111111111111111111111111111111111111111111111111111111111111111111111111111111111111111111111111111111111111111111111111111111111111111111111111111111111111111111111111111111111111100000000000000000000000000000000000000000000111111111111111111
1111111111111111111111111111111111111111111111111111111111111111111111111111111111111111111111111111111111111111111111111111111111111111111111111111111111111111111111111111111111111111111111110000000000000000000000000000000000000000000000111111111111111111
1111111111111111111111111111111111111111111111111111111111111111111111111111111111111111111111111111111111111111111111111111111111111111111111111111111111111111111111111111111111111111111111000000000000000000000000000000000000000000000001111111111111111111
1111111111111111111111111111111111111111111111111111111111111111111111111111111111111111111111111111111111111111111111111111111111111111111111111111111111111111111111111111111111111111111100000000000000000000000000000000000000000000000001111111111111111111
1111111111111111111111111111111111111111111111111111111111111111111111111111111111111111111111111111111111111111111111111111111111111111111111111111111111111111111111111111111111111111110000000000000000000000000000000000000000000000000001111111111111111111
1111111111111111111111111111111111111111111111111111111111111111111111111111111111111111111111111111111111111111111111111111111111111111111111111111111111111111111111111111111111111111000000000000000000000000000000000000000000000000000001111111111111111111
1111111111111111111111111111111111111111111111111111111111111111111111111111111111111111111111111111111111111111111111111111111111111111111111111111111111111111111111111111111111111110000000000000000000000000000000000000000000000000000001111111111111111111
1111111111111111111111111111111111111111111111111111111111111111111111111111111111111111111111111111111111111111111111111111111111111111111111111111111111111111111111111111111111111000000000000000000000000000000000000000000000000000000001111111111111111111
1111111111111111111111111111111111111111111111111111111111111111111111111111111111111111111111111111111111111111111111111111111111111111111111111111111111111111111111111111111111100000000000000000000000000000000000000000000000000000000001111111111111111111
1111111111111111111111111111111111111111111111111111111111111111111111111111111111111111111111111111111111111111111111111111111111111111111111111111111111111111111111111111111110000000000000000000000000000000000000000000000000000000000001111111111111111111
1111111111111111111111111111111111111111111111111111111111111111111111111111111111111111111111111111111111111111111111111111111111111111111111111111111111111111111111111111111100000000000000000000000000000000000000000000000000000000000001111111111111111111
1111111111111111111111111111111111111111111111111111111111111111111111111111111111111111111111111111111111111111111111111111111111111111111111111111111111111111111111111111110000000000000000000000000000000000000000000000000000000000000011111111111111111111
1111111111111111111111111111111111111111111111111111111111111111111111111111111111111111111111111111111111111111111111111111111111111111111111111111111111111111111111111111000000000000000000000000000000000000000000000000000000000000000011111111111111111111
1111111111111111111111111111111111111111111111111111111111111111111111111111111111111111111111111111111111111111111111111111111111111111111111111111111111111111111111111110000000000000000000000000000000000000000000000000000000000000000011111111111111111111
1111111111111111111111111111111111111111111111111111111111111111111111111111111111111111111111111111111111111111111111111111111111111111111111111111111111111111111111111000000000000000000000000000000000000000000000000000000000000000000011111111111111111111
1111111111111111111111111111111111111111111111111111111111111111111111111111111111111111111111111111111111111111111111111111111111111111111111111111111111111111111111110000000000000000000000000000000000000000000000000000000000000000000011111111111111111111
1111111111111111111111111111111111111111111111111111111111111111111111111111111111111111111111111111111111111111111111111111111111111111111111111111111111111111111111000000000000000000000000000000000000010000000000000000000000000000000011111111111111111111
1111111111111111111111111111111111111111111111111111111111111111111111111111111111111111111111111111111111111111111111111111111111111111111111111111111111111111111110000000000000000000000000000000000000110000000000000000000000000000000011111111111111111111
1111111111111111111111111111111111111111111111111111111111111111111111111111111111111111111111111111111111111111111111111111111111111111111111111111111111111111111100000000000000000000000000000000000011110000000000000000000000000000000111111111111111111111
1111111111111111111111111111111111111111111111111111111111111111111111111111111111111111111111111111111111111111111111111111111111111111111111111111111111111111110000000000000000000000000000000000001111110000000000000000000000000000000111111111111111111111
1111111111111111111111111111111111111111111111111111111111111111111111111111111111111111111111111111111111111111111111111111111111111111111111111111111111111111100000000000000000000000000000000000111111110000000000000000000000000000000111111111111111111111
1111111111111111111111111111111111111111111111111111111111111111111111111111111111111111111111111111111111111111111111111111111111111111111111111111111111111111000000000000000000000000000000000001111111110000000000000000000000000000000111111111111111111111
1111111111111111111111111111111111111111111111111111111111111111111111111111111111111111111111111111111111111111111111111111111111111111111111111111111111111110000000000000000000000000000000000111111111110000000000000000000000000000000111111111111111111111
1111111111111111111111111111111111111111111111111111111111111111111111111111111111111111111111111111111111111111111111111111111111111111111111111111111111111100000000000000000000000000000000001111111111110000000000000000000000000000000111111111111111111111
1111111111111111111111111111111111111111111111111111111111111111111111111111111111111111111111111111111111111111111111111111111111111111111111111111111111111000000000000000000000000000000000111111111111100000000011000000000000000000001111111111111111111111
1111111111111111111111111111111111111111111111111111111111111111111111111111111111111111111111111111111111111111111111111111111111111111111111111111111111110000000000000000000000000000000011111111111111100000000110000000000000000000001111111111111111111111
1111111111111111111111111111111111111111111111111111111111111111111111111111111111111111111111111111111111111111111111111111111111111111111111111111111111100000000000000000000000000000000111111111111111100000001110000000000000000000001111111111111111111111
1111111111111111111111111111111111111111111111111111111111111111111111111111111111111111111111111111111111111111111111111111111111111111111111111111111111000000000000000000000000000000011111111111111111100000111110000000000000000000001111111111111111111111
1111111111111111111111111111111111111111111111111111111111111111111111111111111111111111111111111111111111111111111111111111111111111111111111111111111110000000000000000000000000000000111111111111111111100001111110000000000000000000001111111111111111111111
1111111111111111111111111111111111111111111111111111111111111111111111111111111111111111111111111111111111111111111111111111111111111111111111111111111110000000000000000000000000000011111111111111111111100011111110000000000000000000011111111111111111111111
1111111111111111111111111111111111111111111111111111111111111111111111111111111111111111111111111111111111111111111111111111111111111111111111111111111100000000000000000000000000000111111111111111111111100111111100000000000000000000011111111111111111111111
1111111111111111111111111111111111111111111111111111111111111111111111111111111111111111111111111111111111111111111111111111111111111111111111111111111100000000000000000000000000011111111111111111111111111111111100000000000000000000011111111111111111111111
1111111111111111111111111111111111111111111111111111111111111111111111111111111111111111111111111111111111111111111111111111111111111111111111111111111100000000000000000000000000111111111111111111111111111111111100000000000000000000011111111111111111111111
1111111111111111111111111111111111111111111111111111111111111111111111111111111111111111111111111111111111111111111111111111111111111111111111111111111100000000000000000000000001111111111111111111111111111111111100000000000000000000011111111111111111111111
1111111111111111111111111111111111111111111111111111111111111111111111111111111111111111111111111111111111111111111111111111111111111111111111111111111100000000000000000000000111111111111111111111111111111111111100000000000000000000011111111111111111111111
1111111111111111111110000000000000000000000000001111111111111111111111111111111111111111111111111111111111111111111111111111111111111111111111111111111100000000000000000000001111111111111111111111111111111111111000000000000000000000111111111111111111111111
1111111111111111110000000000000000000000000000000000000000001111111111111111111111111111111111111111111111111111111111111111111111111111111111111111111100000000000000000000111111111111111111111111111111111111111000000000000000000000111111111111111111111111
1111111111111111100000000000000000000000000000000000000000000000000011111111111111111111111111111111111111111111111111111111111111111111111111111111111110000000000000000001111111111111111111111111111111111111111000000000000000000000111111111111111111111111
1111111111111111100000000000000000000000000000000000000000000000000000000011111111111111111111111111111111111111111111111111111111111111111111111111111110000000000000000011111111111111111111111111111111111111111000000000000000000000111111111111111111111111
1111111111111111100000000000000000000000000000000000000000000000000000000000000001111111111111111111111111111111111111111111111111111111111111111111111110000000000000001111111111111111111111111111111111111111110000000000000000000000111111111111111111111111
1111111111111111110000000000000000000000000000000000000000000000000000000000000000000011111111111111111111111111111111111111111111111111111111111111111110000000000000011111111111111111111111111111111111111111110000000000000000000001111111111111111111111111
1111111111111111110000000000000000000000000000000000000000000000000000000000000000000000000111111111111111111111111111111111111111111111111111111111111111000000000000111111111111111111111111111111111111111111110000000000000000000001111111111111111111111111
1111111111111111110000000000000000000000000000000000000000000000000000000000000000000000000000001111111111111111111111111111111111111111111111111111111111000000000001111111111111111111111111111111111111111111110000000000000000000001111111111111111111111111
1111111111111111111000000000000000000000000000000000000000000000000000000000000000000000000000000000111111111111111111111111111111111111111111111111111111000000000111111111111111111111111111111111111111111111110000000000000000000001111111111111111111111111
1111111111111111111000000000000000000000000000000000000000000000000000000000000000000000000000000000001111111111111111111111111111111111111111111111111111000000001111111111111111111111111111111111111111111111100000000000000000000001111111111111111111111111
1111111111111111111000000000000000000000000000000000000000000000000000000000000000000000000000000000000001111111111111111111111111111111111111111111111111100000011111111111111111111111111111111111111111111111100000000000000000000011111111111111111111111111
1111111111111111111100000000000000000000000000000000000000000000000000000000000000000000000000000000000000011111111111111111111111111111111111111111111111100000111111111111111111111111111111111111111111111111100000000000000000000011111111111111111111111111
1111111111111111111100000000000000000000000000000000000000000000000000000000000000000000000000000000000000001111111111111111111111111111111111111111111111100001111111111111111111111111111111111111111111111111100000000000000000000011111111111111111111111111
1111111111111111111110000000000000000000000000000000000000000000000000000000000000000000000000000000000000000111111111111111111111111111111111111111111111110001111111111111111111111111111111111111111111111111000000000000000000000011111111111111111111111111
1111111111111111111110000000000000000000000000000000000000000000000000000000000000000000000000000000000000000011111111111111111111111111111111111111111111110001111111111111111111111111111111111111111111111111000000000000000000000111111111111111111111111111
1111111111111111111111000000000000000000000000000000000000000000000000000000000000000000000000000000000000000011111111111111111111111111111111111111111111110001111111111111111111111111111111111111111111111111000000000000000000000111111111111111111111111111
1111111111111111111111000000000000000000000000000000000000000000000000000000000000000000000000000000000000000001111111111111111111111111111111111111111111111000111111111111111111111111111111111111111111111111000000000000000000000111111111111111111111111111
1111111111111111111111100000000000000000000000000000000000000000000000000000000000000000000000000000000000000001111111111111111111111111111111111111111111111000111111111111111111111111111111111111111111111110000000000000000000000111111111111111111111111111
1111111111111111111111100000000000000000000000000000000000000000000000000000000000000000000000000000000000000001111111111111111111111111111111111111111111111100011111111111111111111111111111111111111111111110000000000000000000001111111111111111111111111111
1111111111111111111111110000000000000000000000000000000000000000000000000000000000000000000000000000000000000001111111111111111111111111111111111111111111111100011111111111111111111111111111111111111111111110000000000000000000001111111111111111111111111111
1111111111111111111111111000000000000000000000000000000000001111111110000000000000000000000000000000000000000001111111111111111111111111111111111111111111111110011111111111111111111111111111111111111111111100000000000000000000001111111111111111111111111111
1111111111111111111111111000000000000000000000000000000000001111111111111110000000000000000000000000000000000001111111111111111111111111111111111111111111111110001111111111111111111111111111111111111111111100000000000000000000011111111111111111111111111111
1111111111111111111111111100000000000000000000000000000000000111111111111111111100000000000000000000000000000001111111111111111111111111111111111111111111111111001111111111111111111111111111111111111111111100000000000000000000011111111111111111111111111111
1111111111111111111111111100000000000000000000000000000000000111111111111111111111111000000000000000000000000001111111111111111111111111111111111111111111111111000111111111111111111111111111111111111111111000000000000000000000011111111111111111111111111111
1111111111111111111111111110000000000000000000000000000000000011111111111111111111111111100000000000000000000000111111111111111111111111111111111111111111111111100111111111111111111111111111111111111111111000000000000000000000011111111111111111111111111111
1111111111111111111111111110000000000000000000000000000000000011111111111111111111111111111110000000000000000000111111111111111111111111111111111111111111111111100011111111111111111111111111111111111111111000000000000000000000111111111111111111111111111111
1111111111111111111111111111000000000000000000000000000000000001111111111111111111111111111111111000000000000000111111111111111111111111111111111111111111111111110011111111111111111111111111111111111111111000000000000000000000111111111111111111111111111111
1111111111111111111111111111100000000000000000000000000000000001111111111111111111111111111111111111000000000000111111111111111111111111111111111111111111111111110001111111111111111111111111111111111111110000000000000000000000111111111111111111111111111111
1111111111111111111111111111100000000000000000000000000000000000111111111111111111111111111111111111111100000000111111111111111111111111111111111000000000000000110001111111111111111111111111111111111111110000000000000000000001111111111111111111111111111111
1111111111111111111111111111110000000000000000000000000000000000011111111111111111111111111111111111111111100000111111111111111111111111111000000000000000000000000000011111111111111111111111111111111111110000000000000000000001111111111111111111111111111111
1111111111111111111111111111110000000000000000000000011100000000011111111111111111111111111111111111111111111000111111111111111111111110000000000111111111111111111111111111111111111111111111111111111111100000000000000000000011111111111111111111111111111111
1111111111111111111111111111111000000000000000000000001111111000001111111111111111111111111111111111111111111000111111111111111111110000000001111111111111111111111111111111111111111111111111111111111111100000000000000000000011111111111111111111111111111111
1111111111111111111111111111111100000000000000000000000111111111111111111111111111111111111111111111111111111000111111111111111111000000011111111111111111111111111111111111111111111111111111111111111111100000000000000000000011111111111111111111111111111111
1111111111111111111111111111111100000000000000000000000111111111111111111111111111111111111111111111111111111000111111111111111000000011111111111111111111111111111111111111111111111111111111111111111111000000000000000000000111111111111111111111111111111111
1111111111111111111111111111111110000000000000000000000011111111111111111111111111111111111111111111111111111000111111111111100000011111111111111111111111111111111111111111111111111111111111111111111111000000000000000000000111111111111111111111111111111111
1111111111111111111111111111111111000000000000000000000001111111111111111111111111111111111111111111111111111000111111111110000001111111111111111111111111111111111111111111111111111111111111111111111111000000000000000000001111111111111111111111111111111111
1111111111111111111111111111111111000000000000000000000000111111111111111111111111111111111111111111111111111000111111111000001111111111111111111111111111111111111111111111111111111111111111111111111110000000000000000000011111111111111111111111111111111111
1111111111111111111111111111111111100000000000000000000000111111111111111111111111111111111111111111111111111000111111100000111111111111111111111111111111111111111111111111111111111111111111111111111110000000000000000000011111111111111111111111111111111111
1111111111111111111111111111111111100000000000000000000000011111111111111111111111111111111111111111111111111000111111000011111111111111111111111111111111111111111111111111111111111111100111111111111100000000000000000000111111111111111111111111111111111111
1111111111111111111111111111111111110000000000000000000000001111111111111111111111111111111111111111111111111000111100001111111111111111111111111111111111111111111111111111111111111111110000000000000000000000000000000001111111111111111111111111111111111111
1111111111111111111111111111111111111000000000000000000000000111111111111111111111111111111111111111111111111000111000011111111111111111111111111111111111111111111111111111111111111111111000000000000000000000000000001111111111111111111111111111111111111111
1111111111111111111111111111111111111000000000000000000000000011111111111111111111111111111111111111111111111000110001111111111111111111111111111111111111111111111111111111111111111111111100011111111111111111111111111111111111111111111111111111111111111111
1111111111111111111111111111111111111100000000000000000000000011111111111111111111111111111111111111111111111000000011111111111111111111111111111111111111111111111111111111111111111111111110001111111111111111111111111111111111111111111111111111111111111111
1111111111111111111111111111111111111110000000000000000000000001111111111111111111111111111111111111111111111000001111111111111111111111111111111111111111111111111111111111111111111111111111000111111111111111111111111111111111111111111111111111111111111111
1111111111111111111111111111111111111110000000000000000000000000111111111111111111111111111111111111111111111000011111111111111111111111111111111111111111111111111111111111111111111111111111100011111111111111111111111111111111111111111111111111111111111111
1111111111111111111111111111111111111111000000000000000000000000011111111111111111111111111111111111111111111000111111111111111111111111111111111111111111111111111111111111111111111111111111110001111111111111111111111111111111111111111111111111111111111111
1111111111111111111111111111111111111111100000000000000000000000001111111111111111111111111111111111111111110001111111111111111111111111111111111111111111111111111111111111111111111111111111111001111111111111111111111111111111111111111111111111111111111111
1111111111111111111111111111111111111111100000000000000000000000000111111111111111111111111111111111111111100011111111111111111111111111111111111111111111111111111111111111111111111111111111111000111111111111111111111111111111111111111111111111111111111111
1111111111111111111111111111111111111111110000000000000000000000000011111111111111111111111111111111111111100111111111111111111111111111111111111111111111111111111111111111111111111111111111111100011111111111111111111111111111111111111111111111111111111111
1111111111111111111111111111111111111111111000000000000000000000000011111111111111111111111111111111111111111111111111111111111111111111111111111111111111111111111111111111111111111111111111111110011111111111111111111111111111111111111111111111111111111111
1111111111111111111111111111111111111111111000000000000000000000000001111111111111111111111111111111111111111111111111111111111111111111111111111111111111111111111111111111111111111111111111111110001111111111111111111111111111111111111111111111111111111111
1111111111111111111111111111111111111111111100000000000000000000000000111111111111111111111111111111111111111111111111111111111111111111111111111111111111111111111111111111111111111111111111111111000111111111111111111111111111111111111111111111111111111111
1111111111111111111111111111111111111111111110000000000000000000000000011111111111111111111111111111111111111111111111111111111111111111111111111111111111111111111111111111111111111111111111111111100111111111111111111111111111111111111111111111111111111111
1111111111111111111111111111111111111111111110000000000000000000000000001111111111111111111111111111111111111111111111111111111111111111111111111111111111111111111111111111111111111111111111111111100011111111111111111111111111111111111111111111111111111111
1111111111111111111111111111111111111111111111000000000000000000000000000111111111111111111111111111111111111111111111111111111111111111111111111111111111111111111111111100000000000111111111111111110011111111111111111111111111111111111111111111111111111111
1111111111111111111111111111111111111111111111100000000000000000000000000011111111111111111111111111111111111111111111111111111111111111111111111111111111111111111111110000000000000011111111111111110001111111111111111111111111111111111111111111111111111111
1111111111111111111111111111111111111111111111100000000000000000000000000001111111111111111111111111111111111111111111111111111111111111111111111111111111111111111111100111111000000001111111111111110001111111111111111111111111111111111111111111111111111111
1111111111111111111111111111111111111111111111110000000000000000000000000000111111111111111111111111111111111111111111111111111111111111111111111111111111111111111111101111111100000000111111111111111000111111111111111111111111111111111111111111111111111111
1111111111111111111111111111111111111111111111111000000000000000000000000000011111111111111111111110011111111111111111111111111111111111111111111111111111111111111111001111111110000000011111111111111000111111111111111111111111111111111111111111111111111111
1111111111111111111111111111111111111111111111111000000000000000000000000000001111111111111111111110111111111111111111111111111111111111111111111111111111111111111111001111111110000000011111111111111100011111111111111111111111111111111111111111111111111111
1111111111111111111111111111111111111111111111111100000000000000000000000000001111111111111111111100111111111111111111111111111111111111111111111111111111111111111111001111111110000000001111111111111100011111111111111111111111111111111111111111111111111111
1111111111111111111111111111111111111111111111111110000000000000000000000000000111111111111111111001111111111111111111111111111111111111111111111111111111111111111110001111111110000000001111111111111100011111111111111111111111111111111111111111111111111111
1111111111111111111111111111111111111111111111111110000000000000000000000000000011111111111111111001111111111111111111111111111111111111111111111111111111111111111110000111111100000000001111111111111110011111111111111111111111111111111111111111111111111111
1111111111111111111111111111111111111111111111111111000000000000000000000000000001111111111111100011111111111111111111111111111111111111111111111111111111111111111110000111111000000000001111111111111110001111111111111111111111111111111111111111111111111111
1111111111111111111111111111111111111111111111111111100000000000000000000000000000111111111110000011111111111111111111111111111111111111111111111111111111111111111110000000000000000000000111111111111110001111111111111111111111111111111111111111111111111111
1111111111111111111111111111111111111111111111111111110000000000000000000000000000011111111100000011111111111111111111111111111111111111111111111111111111111111111110000000000000000000000111111111111110001111111111111111111111111111111111111111111111111111
1111111111111111111111111111111111111111111111111111110000000000000000000000000000001111110000000111111111111111111111111111111111111111111111111111111111111111111111000000000000000000000111111111111110001111111111111111111111111111111111111111111111111111
1111111111111111111111111111111111111111111111111111111000000000000000000000000000000011000000100111111111111111111111111111111111111111111111111111111111111111111111000000000000000000001111111111111111000111111111111111111111111111111111111111111111111111
1111111111111111111111111111111111111111111111111111111100000000000000000000000000000000000011000111111111111111111111111111111111111111111111111111111111111111111111000000000000000000001111111111111111000111111111111111111111111111111111111111111111111111
1111111111111111111111111111111111111111111111111111111110000000000000000000000000000000001111000111111111111111111111111111111111111111111111111111111111111111111111100000000000000000001111111111111111000111111111111111111111111111111111111111111111111111
1111111111111111111111111111111111111111111111111111111111000000000000000000000000000000111111001111111111111111111111111111111111111111111111111111111111111111111111100000000000000000011111111111111111000111111111111111111111111111111111111111111111111111
1111111111111111111111111111111111111111111111111111111111000000000000000000000000000011111111001111111111111111111111111111111111111111111111111111111111111111111111110000000000000000011111111111111111000111111111111111111111111111111111111111111111111111
1111111111111111111111111111111111111111111111111111111111100000000000000000000000001111111110001111111111111111111001111110011111111111111111111111111111111111111111111000000000000000111111111111111111000111111111111111111111111111111111111111111111111111
1111111111111111111111111111111111111111111111111111111111110000000000000000000000111111111110001111111111111111100011111110000111111111111111111111111111111111111111111100000000000011111111111111111111000111111111111111111111111111111111111111111111111111
1111111111111111111111111111111111111111111111111111111111111000000000000000000011111111111110001111111111111111000011111111000011111111111111111111111111111111111111111111111100000111111111111111111111000111111111111111111111111111111111111111111111111111
1111111111111111111111111111111111111111111111111111111111111100000000000000001111111111111110011111111111111111000011111111100011111111111111111111111111111111111111111111111111111111111111111111111111000111111111111111111111111111111111111111111111111111
1111111111111111111111111111111111111111111111111111111111111110000000000001111111111111111110011111111111111110000011111111100001111111111111111111111111111111111111111111111111111111111111111111111111000111111111111111111111111111111111111111111111111111
1111111111111111111111111111111111111111111111111111111111111111000000001111111111111111111110011111111111111110000011111111000000111111111111111111111111111111111111111111111111111111111111111111111110000111111111111111111111111111111111111111111111111111
1111111111111111111111111111111111111111111111111111111111111111110000111111111111111111111110011111111111111100000011111111000000111111111111111111111111111111111111111111111111111111111111111111111110000111111111111111111111111111111111111111111111111111
1111111111111111111111111111111111111111111111111111111111111111111111111111111111111111111100011111111111111100000001111110000000111111111111111111111111111111111111111111111111111111111111111111111110001111111111111111111111111111111111111111111111111111
1111111111111111111111111111111111111111111111111111111111111111111111111111111111111111111100011111111111111100000000011100000000111111111111111111111111111111111111111111111111111111111111111111111110001111111111111111111111111111111111111111111111111111
1111111111111111111111111111111111111111111111111111111111111111111111111111111111111111111100011111111111111100000000000000000000011111111111111111111111111111111111111111111111111111111111111111111100001111111111111111111111111111111111111111111111111111
1111111111111111111111111111111111111111111111111111111111111111111111111111111111111111111100011111111111111100000000000000000000011111111111111111110011111111111111111111111111111111111111111111111100001111111111111111111111111111111111111111111111111111
1111111111111111111111111111111111111111111111111111111111111111111111111111111111111111111100011111111111111100000000000000000000011111111111111111111111111111111111011111111111111111111111111111111100011111111111111111111111111111111111111111111111111111
1111111111111111111111111111111111111111111111111111111111111111111111111111111111111111111100011111111111111100000000000000000000111111111111111111111111111111111110011111111111111111111111111111111000011111111111111111111111111111111111111111111111111111
1111111111111111111111111111111111111111111111111111111111111111111111111111111111111111111100011111111111111110000000000000000000111111111111111111111111111111111110011111111111111111111111111111111000011111111111111111111111111111111111111111111111111111
1111111111111111111111111111111111111111111111111111111111111111111111111111111111111111111100011111111111111110000000000000000000111111111111111111111111111111111100011111111111111111111111111111111000111111111111111111111111111111111111111111111111111111
1111111111111111111111111111111111111111111111111111111111111111111111111111111111111111111110001111111111111110000000000000000001111111111111111111111111111111111100111111111111111111111111111111110000111111111111111111111111111111111111111111111111111111
1111111111111111111111111111111111111111111111111111111111111111111111111111111111111111111110001111111111111111000000000000000001111111111111111111111111111111111000111111111111111111111111111111110001111111111111111111111111111111111111111111111111111111
1111111111111111111111111111111111111111111111111111111111111111111111111111111111111111111110001111111111111111100000000000000011111111111111111111111111111111110001111111111111111111111111111111100001111111111111111111111111111111111111111111111111111111
1111111111111111111111111111111111111111111111111111111111111111111111111111111111111111111110001111111111111111110000000000000111111111111111111111111111111111100011111111111111111111111111111111000011111111111111111111111111111111111111111111111111111111
1111111111111111111111111111111111111111111111111111111111111111111111111111111111111111111110001111111111111111111000000000001111111111111111111111111111111110000111111111111111111111111111111111000011111111111111111111111111111111111111111111111111111111
1111111111111111111111111111111111111111111111111111111111111111111111111111111111111111111110000111111111111111111111111111111111111111111001111111111111111000011111111111111111111111111111111110000111111111111111111111111111111111111111111111111111111111
1111111111111111111111111111111111111111111111111111111111111111111111111111111111111111111111000111111111111111111111111111111111111111111100011111111111000000111111111111111111111111111111111110000111111111111111111111111111111111111111111111111111111111
1111111111111111111111111111111111111111111111111111111111111111111111111111111111111111111111000111111111111111111111111111111111111111111110000000000000000011111111111111111111111111111111111100001111111111111111111111111111111111111111111111111111111111
1111111111111111111111111111111111111111111111111111111111111111111111111111111111111111111111000111111111111111111111111111111111111111111111100000000000111111111111111111111111111111111111111000011111111111111111111111111111111111111111111111111111111111
1111111111111111111111111111111111111111111111111111111111111111111111111111111111111111111111000011111111111111111111111111111111111111111111111111111111111111111111111111111111111111111111110000111001111111111111111111111111111111111111111111111111111111
1111111111111111111111111111111111111111111111111111111111111111111111111111111111111111111111100011111111111111111111111111111111111111111111111111111111111111111111111111111111111111111111100000110000111111111111111111111111111111111111111111111111111111
1111111111111111111111111111111111111111111111111111111111111111111111111111111111111111111111100001111111111111111111111111111111111111111111111111111111111111111111111111111111111111111111100001110000000000000011111111111111111111111111111111111111111111
1111111111111111111111111111111111111111111111111111111111111111111111111111111111111111111111110001111111111111111111111111111111111111111111111111111111111111111111111111111111111111111111000011100110000000000000111111111111111111111111111111111111111111
1111111111111111111111111111111111111111111111111111111111111111111111111111111111111111111111110000111111111111111111111111111111111111111111111111111111111111111111111111111111111111111110000110000111001111111100011111111111111111111111111111111111111111
1111111111111111111111111111111111111111111111111111111111111111111111111111111111111111111111111000111111111111111111111111111111111111111111111111111111111111111111111111111111111111111100000000001111001111111111001111111111111111111111111111111111111111
1111111111111111111111111111111111111111111111111111111111111111111111111111111111111111111111111000011111111111111111111111111111111111111111111111111111111111111111111111111111111111110000000000001111101111111111001111111111111111111111111111111111111111
1111111111111111111111111111111111111111111111111111111111111111111111111111111111111111111111111100001111111111111111111111111111111111111111111111111111111111111111111111111111111111100000000111001111111111111111001111111111111111111111111111111111111111
1111111111111111111111111111111111111111111111111111111111111111111111111111111111111111111111111100000111111111111111111111111111111111111111111111111111111111111111111111111111111111000000011111111111111111111111100111111111111111111111111111111111111111
1111111111111111111111111111111111111111111111111111111111111111111111111111111111111111111111111110000111111111111111111111111111111111111111111111111111111111111111111111111111111110000011111111111111111111111111100111111111111111111111111111111111111111
1111111111111111111111111111111111111111111111111111111111111111111111111111111111111111111111111111000011111111111111111111111111111111111111111111111111111111111111111111111111111000001111111111111111111111111111000111111111111111111111111111111111111111
1111111111111111111111111111111111111111111111111111111111111111111111111111111111111111111111111111100001111111111111111111111111111111111111111111111111111111111111111111111111110000011111111111111111111111111111001111111111111111111111111111111111111111
1111111111111111111111111111111111111111111111111111111111111111111111111111111111111111111111111111110000011111111111111111111111111111111111111111111111111111111111111111111111000000111111111111111111111111111111001111111111111111111111111111111111111111
1111111111111111111111111111111111111111111111111111111111111111111111111111111111111111111111111111111000001111111111111111111111111111111111111111111111111111111111111111111100000001111111111111111111111111111110001111111111111111111111111111111111111111
1111111111111111111111111111111111111111111111111111111111111111111111111111111111111111111111111111111100000111111111111111111111111111111111111111111111111111111111111111110000000001111111111111111111111111111110011111111111111111111111111111111111111111
1111111111111111111111111111111111111111111111111111111111111111111111111111111111111111111111111111111110000001111111111111111111111111111111111111111111111111111111111111000000000001111111111111111111111111111100011111111111111111111111111111111111111111
1111111111111111111111111111111111111111111111111111111111111111111111111111111111111111111111111111111111000000111111111111111111111111111111111111111111111111111111111100000000000001111111111111111111111111111100111111111111111111111111111111111111111111
1111111111111111111111111111111111111111111111111111111111111111111111111111111111111111111111111111111111110000001111111111111111111111111111111111111111111111111111100000000000000001111111111111111111111111111000111111111111111111111111111111111111111111
1111111111111111111111111111111111111111111111111111111111111111111111111111111111111111111111111111111111111000000011111111111111111111111111111111111111111111111110000000000000000001111111111111111111111111110001111111111111111111111111111111111111111111
1111111111111111111111111111111111111111111111111111111111111111111111111111111111111111111111111111111111111110000000011111111111111111111111111111111111111111110000000000000000000001111111111111111111111111110011111111111111111111111111111111111111111111
1111111111111111111111111111111111111111111111111111111111111111111111111111111111111111111111111111111111111111100000000011111111111111111111111111111111111100000000000000000000000001111111111111111111111111100011111111111111111111111111111111111111111111
1111111111111111111111111111111111111111111111111111111111111111111111111111111111111111111111111111111111111111111000000000011111111111111111111111111111000000000000000000000000000001111111111111111111111111000111111111111111111111111111111111111111111111
1111111111111111111111111111111111111111111111111111111111111111111111111111111111111111111111111111111111111111111111000000000000111111111111111111000000000000000000000000000001100001111111111111111111111110001111111111111111111111111111111111111111111111
1111111111111111111111111111111111111111111111111111111111111111111111111111111111111111111111111111110000011111111111110000000000000000000000000000000000000000000000000000000001111001111111111111111111111100011111111111111111111111111111111111111111111111
1111111111111111111111111111111111111111111111111111111111111111111111111111111111111111111111111111100000001111110000000000000000000000000000000000000000000000000000000000000001111111111111111111111111111000011111111111111111111111111111111111111111111111
1111111111111111111111111111111111111111111111111111111111111111111111111111111111111111111111111111100111000000000000000001111111000000000000000000000000000000000000000000000001111111111111111111111111110000111111111111111111111111111111111111111111111111
1111111111111111111111111111111111111111111111111111111111111111111111111111111111111111111111111111100111110000001111111111111111111111100000000000000000000000000000000000000001111111111111111111111111100001111111111111111111111111111111111111111111111111
1111111111111111111111111111111111111111111111111111111111111111111111111111111111111111111111111111000011111111111111111111111111111111000000000000000000000000000000000000000001111111111111111111111111000011111111111111111111111111111111111111111111111111
1111111111111111111111111111111111111111111111111111111111111111111111111111111111111111111111111110000011111111111111111111111111111111000000000000000000000000000000000000000001111111111111111111111110000111111111111111111111111111111111111111111111111111
1111111111111111111111111111111111111111111111111111111111111111111111111111111111111111111111111100011011111111111111111111111111111111000000000000000000000000000000000000000001111111111111111111111100001111111111111111111111111111111111111111111111111111
1111111111111111111111111111111111111111111111111111111111111111111111111111111111111111111111111001111111111111111111111111111111111110000000000000000000000000000100000000000001111111111111111111111000111111111111111111111111111111111111111111111111111111
1111111111111111111111111111111111111111111111111111111111111111111111111111111111111111111111111001111111111111111111111111111111111110001100000000000000000000000110000000000001111111111111111111110001111111111111111111111111111111111111111111111111111111
1111111111111111111111111111111111111111111111111111111111111111111111111111111111111111111111110011111111111111111111111111111111111100011100000000000000000000001111000000000001111111111111111111000011111111111111111111111111111111111111111111111111111111
1111111111111111111111111111111111111111111111111111111111111111111111111111111111111111111111110011111111111111111111111111111111111100111100000000000010000000001111100000000001111111111111111110000111111111111111111111111111111111111111111111111111111111
1111111111111111111111111111111111111111111111111111111111111111111111111111111111111111111111110011111111111111111111111111111111111000111100000000000011000000011111110000000001111111111111111000011111111111111111111111111111111111111111111111111111111111
1111111111111111111111111111111111111111111111111111111111111111111111111111111111111111111111110011111111111111111111111111111111111001111100000000000111100000011111111000000001111111111111110000111111111111111111111111111111111111111111111111111111111111
1111111111111111111111111111111111111111111111111111111111111111111111111111111111111111111111111011111111111111111111111111111111110001111100000000001111100000011111111100000001111111111111100011111111111111111111111111111111111111111111111111111111111111
1111111111111111111111111111111111111111111111111111111111111111111111111111111111111111111111111001111111111111111111111111111111110011111100000000011111110000111111111110000001111111111110000111111111111111111111111111111111111111111111111111111111111111
1111111111111111111111111111111111111111111111111111111111111111111111111111111111111111111111111100111111111111111111111111111111100011111100000000111111111001111111111111000011111111111000011111111111111111111111111111111111111111111111111111111111111111
1111111111111111111111111111111111111111111111111111111111111111111111111111111111111111111111111110001111111111111111111111111111100011111100000001111111111111111111111111100011111111110000111111111111110011111111111111111111111111111111111111111111111111
1111111111111111111111111111111111111111111111111111111111111111111111111111111111111111111111111111000011111111111111111111111111100111111100000011111111111111111111111111110011111111100110011111111111000000111111111111111111111111111111111111111111111111
1111111111111111111111111111111111111111111111111111111111111111111111111111111111111111111111111111100000111111111111111111111111000111111100001111111111111111111111111111111011111111111110011111111100000000011111111111111111111111111111111111111111111111
1111111111111111111111111111111111111111111111111111111111111111111111111111111111111111111111111111111000000111111111111111111110001111111100011111111111111111111111111111111111111111111110001111111000000000001111111111111111111111111111111111111111111111
1111111111111111111111111111111111111111111111111111111111111111111111111111111111111111111111111111111110000000011111111111111110001111111100111111111111111111111111111111111111111111111111001111100000000000000011111111111111111111111111111111111111111111
1111111111111111111111111111111111111111111111111111111111111111111111111111111111111111111111111111111111110000000001100000000000001111111111111111111111111111111111111111111111111111111111001110000000000000000001111111111111111111111111111111111111111111
1111111111111111111111111111111111111111111111111111111111111111111111111111111111111111111111111111111111111110000000000000000000011111111111111111111111111111111111111111111111111111111111000000000000000000000000111111111111111111111111111111111111111111
1111111111111111111111111111111111111111111111111111111111111111111111111111111111111111111111111111111111111111111000001110011000001111111111111111111111111111111111111111111111111111111111100000000000000000000000011111111111111111111111111111111111111111
1111111111111111111111111111111111111111111111111111111111111111111111111111111111111111111111111111111111111111111100011110011100000111111111111111111111111111111111111111111111111111111111100000000000000000000000000111111111111111111111111111111111111111
1111111111111111111111111111111111111111111111111111111111111111111111111111111111111111111111111111111111111111111000111110011111000011111111111111111111111111111111111111111111111111111111100000000000000000000000000011111111111111111111111111111111111111
1111111111111111111111111111111111111111111111111111111111111111111111111111111111111111111111111111111111111111111000111110011111100001111111111111111111111111111111111111111111111111111111100000000000000000000000000001111111111111111111111111111111111111
1111111111111111111111111111111111111111111111111111111111111111111111111111111111111111111111111111111111111111110000111110011111110000111111111111111111111111111111111111111111111111111111100000000000000000000000000000111111111111111111111111111111111111
1111111111111111111111111111111111111111111111111111111111111111111111111111111111111111111111111111111111111111110000111110011111111000111111111111111111111111111111111111111111111111111111100000000000000000000000000000001111111111111111111111111111111111
1111111111111111111111111111111111111111111111111111111111111111111111111111111111111111111111111111111111111111110000011110011111111100011111111111111111111111111111111111111111111111111111100000000000000000000000000000000111111111111111111111111111111111
1111111111111111111111111111111111111111111111111111111111111111111111111111111111111111111111111111111111111111100110011111001111111100001111111111111111111111111111111111111111111111111111100000000000000000000000000000000011111111111111111111111111111111
1111111111111111111111111111111111111111111111111111111111111111111111111111111111111111111111111111111111111111100010011111001111111110001111111111111111111111111111111111111111111111111111100000000000000000000000000000000001111111111111111111111111111111
1111111111111111111111111111111111111111111111111111111111111111111111111111111111111111111111111111111111111111100010011111001111111110000111111111111111111111111111111111111111111111111111100000000000000000000000000000000000111111111111111111111111111111
1111111111111111111111111111111111111111111111111111111111111111111111111111111111111111111111111111111111111111100011001111100111111111000111111111111111111111111111111111111111111111111111100011100000000000000000000000000000011111111111111111111111111111
1111111111111111111111111111111111111111111111111111111111111111111111111111111111111111111111111111111111111111100011001111110111111111100011111111111111111111111111111111111111111111111111100111110000000000000000000000000000000111111111111111111111111111
1111111111111111111111111111111111111111111111111111111111111111111111111111111111111111111111111111111111111111100011100111111011111111100011111111111111111111111111111111111111111111111111100111111000000000000000000000000000000011111111111111111111111111
1111111111111111111111111111111111111111111111111111111111111111111111111111111111111111111111111111111111111111100011100111111111111111110001111111111111111111111111111111111111111111111111100111111000000000000000000000000000000001111111111111111111111111
1111111111111111111111111111111111111111111111111111111111111111111111111111111111111111111111111111111111111111100011110011111111111111110001111111111111111111111111111111111111111111111111000111111100000000000000000000000000000000111111111111111111111111
1111111111111111111111111111111111111111111111111111111111111111111111111111111111111111111111111111111111111111110011111111111111111111110001111111111111111111111111111111111111111111111111001111111110000000000000000000000000000000011111111111111111111111
1111111111111111111111111111111111111111111111111111111111111111111111111111111111111111111111111111111111111111110011111111111111111111111000111111111111111111111111111111111111111111111111001111111110000000000000000000000000000000001111111111111111111111
1111111111111111111111111111111111111111111111111111111111111111111111111111111111111111111111111111111111111111110001111111111111111111111000111111111111111111111111111111111111111111111111001111111111000000000000000000000000000000000011111111111111111111
1111111111111111111111111111111111111111111111111111111111111111111111111111111111111111111111111111111111111111110001111111111111111111111000111111111111111111111111111111111111111111111110011111111111100000000000000000000000000000000011111111111111111111
1111111111111111111111111111111111111111111111111111111111111111111111111111111111111111111111111111111111111111111000111111111111111111111100111111111111111111111111111111111111111111111110011111111111110000000000000000000000000000001111111111111111111111
1111111111111111111111111111111111111111111111111111111111111111111111111111111111111111111111111111111111111111111000111111111111111111111100111111111111111111111111111111111111111111111110011111111111110000000000000000000000000000011111111111111111111111
1111111111111111111111111111111111111111111111111111111111111111111111111111111111111111111111111111111111111111111000111111111111111111111100011111111111111111111111111111111111111111111100111111111111111000000000000000000000000000111111111111111111111111
1111111111111111111111111111111111111111111111111111111111111111111111111111111111111111111111111111111111111111111100011111111111111111111100011111111111111111111111111111111111111111111101111111111111111100000000000000000000000001111111111111111111111111
1111111111111111111111111111111111111111111111111111111111111111111111111111111111111111111111111111111111111111111100001111111111111111111100011111111111111111111111111111111111111111111001111111111111111110000000000000000000000011111111111111111111111111
1111111111111111111111111111111111111111111111111111111111111111111111111111111111111111111111111111111111111111111110001111111111111111111100011111111111111111111111111111111111111111110011111111111111111111000000000000000000000111111111111111111111111111
1111111111111111111111111111111111111111111111111111111111111111111111111111111111111111111111111111111111111111111110000111111111111111111100011111111111111111111111111111111111111111100111111111111111111111000000000000000000001111111111111111111111111111
1111111111111111111111111111111111111111111111111111111111111111111111111111111111111111111111111111111111111111111111000011111111111111111100111111111111111111111111111111111111111111101111111111111111111111100000000000000000111111111111111111111111111111
1111111111111111111111111111111111111111111111111111111111111111111111111111111111111111111111111111111111111111111111100011111111111111111100111111111111111111111111111111111111111111011111111111111111111111110000000000000001111111111111111111111111111111
1111111111111111111111111111111111111111111111111111111111111111111111111111111111111111111111111111111111111111111111110001111111111111111100111111111111111111111111111111111111111100111111111111111111111111111000000000000011111111111111111111111111111111
1111111111111111111111111111111111111111111111111111111111111111111111111111111111111111111111111111111111111111111111111000011111111111111000111111111111111111111111111111111111111000011111111111111111111111111100000000000111111111111111111111111111111111
1111111111111111111111111111111111111111111111111111111111111111111111111111111111111111111111111111111111111111111111111100001111111111111001111111111111111111111111111111111111111000001111111111111111111111111100000000001111111111111111111111111111111111
1111111111111111111111111111111111111111111111111111111111111111111111111111111111111111111111111111111111111111111111111110000111111111110000111111111111111111111111111111111111111111000111111111111111111111111110000000111111111111111111111111111111111111
1111111111111111111111111111111111111111111111111111111111111111111111111111111111111111111111111111111111111111111111111111000000111111000000000111111111111111111111111111111111111111110001111111111111111111111111000001111111111111111111111111111111111111
1111111111111111111111111111111111111111111111111111111111111111111111111111111111111111111111111111111111111111111111111111110000000000000100000000011111111111111111111111111111111111111000111111111111111111111111100011111111111111111111111111111111111111
1111111111111111111111111111111111111111111111111111111111111111111111111111111111111111111111111111111111111111111111111111111100000000011111100000000000111111111000000111111111111111111100011111111111111111111111111111111111111111111111111111111111111111
1111111111111111111111111111111111111111111111111111111111111111111111111111111111111111111111111111111111111111111111111111111111111111111111111100000000000000000000001111111111111111111110001111111111111111111111111111111111111111111111111111111111111111
1111111111111111111111111111111111111111111111111111111111111111111111111111111111111111111111111111111111111111111111111111111111111111111111111111111000000000011110001111111111111111111111001111111111111111111111111111111111111111111111111111111111111111
1111111111111111111111111111111111111111111111111111111111111111111111111111111111111111111111111111111111111111111111111111111111111111111111111111111111111111111110001111111111111111111111000111111111111111111111111111111111111111111111111111111111111111
1111111111111111111111111111111111111111111111111111111111111111111111111111111111111111111111111111111111111111111111111111111111111111111111111111111111111111111110001111111111111111111111100011111111111111111111111111111111111111111111111111111111111111
1111111111111111111111111111111111111111111111111111111111111111111111111111111111111111111111111111111111111111111111111111111111111111111111111111111111111111111111001111111111111111111111100011111111111111111111111111111111111111111111111111111111111111
1111111111111111111111111111111111111111111111111111111111111111111111111111111111111111111111111111111111111111111111111111111111111111111111111111111111111111111111001111111111111111111111110011111111111111111111111111111111111111111111111111111111111111
1111111111111111111111111111111111111111111111111111111111111111111111111111111111111111111111111111111111111111111111111111111111111111111111111111111111111111111111000111111111111111111111110001111111111111111111111111111111111111111111111111111111111111
1111111111111111111111111111111111111111111111111111111111111111111111111111111111111111111111111111111111111111111111111111111111111111111111111111111111111111111111100111111111111111111111111001111111111111111111111111111111111111111111111111111111111111
1111111111111111111111111111111111111111111111111111111111111111111111111111111111111111111111111111111111111111111111111111111111111111111111111111111111111111111111100011111111111111111111111000111111111111111111111111111111111111111111111111111111111111
1111111111111111111111111111111111111111111111111111111111111111111111111111111111111111111111111111111111111111111111111111111111111111111111111111111111111111111111100011111111111111111100111000111111111111111111111111111111111111111111111111111111111111
1111111111111111111111111111111111111111111111111111111111111111111111111111111111111111111111111111111111111111111111111111111111111111111111111111111111111111111111110011111111111111111110011100111111111111111111111111111111111111111111111111111111111111
1111111111111111111111111111111111111111111111111111111111111111111111111111111111111111111111111111111111111111111111111111111111111111111111111111111111111111111111110001111111110111111111001100111111111111111111111111111111111111111111111111111111111111
1111111111111111111111111111111111111111111111111111111111111111111111111111111111111111111111111111111111111111111111111111111111111111111111111111111111111111111111111000111111110001111111001100111111111111111111111111111111111111111111111111111111111111
1111111111111111111111111111111111111111111111111111111111111111111111111111111111111111111111111111111111111111111111111111111111111111111111111111111111111111111111111000111111111000111111100100111111111111111111111111111111111111111111111111111111111111
1111111111111111111111111111111111111111111111111111111111111111111111111111111111111111111111111111111111111111111111111111111111111111111111111111111111111111111111111100011111111100111111100100111111111111111111111111111111111111111111111111111111111111
1111111111111111111111111111111111111111111111111111111111111111111111111111111111111111111111111111111111111111111111111111111111111111111111111111111111111111111111111110001111111110011111110000111111111111111111111111111111111111111111111111111111111111
1111111111111111111111111111111111111111111111111111111111111111111111111111111111111111111111111111111111111111111111111111111111111111111111111111111111111111111111111110001111111111001111110000111111111111111111111111111111111111111111111111111111111111
1111111111111111111111111111111111111111111111111111111111111111111111111111111111111111111111111111111111111111111111111111111111111111111111111111111111111111111111111111000111111111001111110000111111111111111111111111111111111111111111111111111111111111
1111111111111111111111111111111111111111111111111111111111111111111111111111111111111111111111111111111111111111111111111111111111111111111111111111111111111111111111111111100011111111100111111000111111111111111111111111111111111111111111111111111111111111
1111111111111111111111111111111111111111111111111111111111111111111111111111111111111111111111111111111111111111111111111111111111111111111111111111111111111111111111111111110000111111100111111000111111111111111111111111111111111111111111111111111111111111
1111111111111111111111111111111111111111111111111111111111111111111111111111111111111111111111111111111111111111111111111111111111111111111111111111111111111111111111111111111000011111100111111001111111111111111111111111111111111111111111111111111111111111
1111111111111111111111111111111111111111111111111111111111111111111111111111111111111111111111111111111111111111111111111111111111111111111111111111111111111111111111111111111110000111100111110011111111111111111111111111111111111111111111111111111111111111
1111111111111111111111111111111111111111111111111111111111111111111111111111111111111111111111111111111111111111111111111111111111111111111111111111111111111111111111111111111111000001110011000011111111111111111111111111111111111111111111111111111111111111
1111111111111111111111111111111111111111111111111111111111111111111111111111111111111111111111111111111111111111111111111111111111111111111111111111111111111111111111111111111111111111100011111111111111111111111111111111111111111111111111111111111111111111
1111111111111111111111111111111111111111111111111111111111111111111111111111111111111111111111111111111111111111111111111111111111111111111111111111111111111111111111111111111111111111111111111111111111111111111111111111111111111111111111111111111111111111
1111111111111111111111111111111111111111111111111111111111111111111111111111111111111111111111111111111111111111111111111111111111111111111111111111111111111111111111111111111111111111111111111111111111111111111111111111111111111111111111111111111111111111
1111111111111111111111111111111111111111111111111111111111111111111111111111111111111111111111111111111111111111111111111111111111111111111111111111111111111111111111111111111111111111111111111111111111111111111111111111111111111111111111111111111111111111
